1. 24 + 8
   1      
0001 1000
0000 1000
---------
  10 0000
32

2. 24 - 8
---------
0001 1000
0000 1000
---------
0001 0000
16

3. 24 or 8

0001 1000
0000 1000
---------
0001 1000
24

4. 24 and 8
---------
0001 1000
0000 1000
---------
0000 1000
8

5. 24 xor 8
---------
0001 1000
0000 1000
---------
0001 0000
16

6. 24 >> 2
---------
0001 1000
---------
0000 0110
6

7. 24 << 2
---------
0001 1000
---------
0110 0000
96

8. not 24
---------
0001 1000
1110 0111
---------
0001 1000
0000 0001
---------
0001 1001
- ( 1 + 8 + 16)
-25


